[gd_scene load_steps=9 format=2]

[ext_resource path="res://player/KinematicBody.tscn" type="PackedScene" id=1]
[ext_resource path="res://player/character2.tscn" type="PackedScene" id=2]
[ext_resource path="res://assets/models/pattern17.png" type="Texture" id=3]

[sub_resource type="BoxShape" id=1]
extents = Vector3( 0.869346, 0.732616, 0.585862 )

[sub_resource type="CubeMesh" id=2]

[sub_resource type="SpatialMaterial" id=5]
albedo_color = Color( 0.137255, 0.403922, 0.0235294, 1 )
albedo_texture = ExtResource( 3 )

[sub_resource type="BoxShape" id=3]
extents = Vector3( 15, 2.53135, 14.5719 )

[sub_resource type="CubeMesh" id=4]
size = Vector3( 30, 2, 30 )

[node name="rootnode" type="Spatial"]

[node name="Box1" type="RigidBody" parent="."]
transform = Transform( 1, 0, 0, 0, 1, 0, 0, 0, 1, 3, 1.5458, 5.39549 )

[node name="CollisionShape" type="CollisionShape" parent="Box1"]
transform = Transform( 1, 0, 0, 0, 1, 0, 0, 0, 1, 1.12757, 0.54797, 2.65649 )
shape = SubResource( 1 )

[node name="MeshInstance" type="MeshInstance" parent="Box1"]
transform = Transform( 1, 0, 0, 0, 1, 0, 0, 0, 1, 1.58701, -0.399, 2.35548 )
mesh = SubResource( 2 )
material/0 = SubResource( 5 )

[node name="Box2" type="RigidBody" parent="."]
transform = Transform( 1, 0, 0, 0, 1, 0, 0, 0, 1, -8.37, 1, 6.451 )

[node name="CollisionShape" type="CollisionShape" parent="Box2"]
shape = SubResource( 1 )

[node name="MeshInstance" type="MeshInstance" parent="Box2"]
mesh = SubResource( 2 )
material/0 = SubResource( 5 )

[node name="Floor" type="StaticBody" parent="."]
transform = Transform( 0.999698, -0.014624, -0.0197255, 0.013993, 0.999398, -0.0317556, 0.020178, 0.03147, 0.999301, 0, -0.766484, 0 )

[node name="CollisionShape" type="CollisionShape" parent="Floor"]
transform = Transform( 1, -2.32831e-10, 7.45058e-09, -2.32831e-10, 1, 0, -3.72529e-09, -7.45058e-09, 1, 0, 0, 0 )
shape = SubResource( 3 )

[node name="MeshInstance" type="MeshInstance" parent="Floor"]
transform = Transform( 1, -3.37604e-09, 2.6077e-08, -5.23869e-10, 1, 0, -1.30385e-08, -2.6077e-08, 1, 0, 0, 0 )
mesh = SubResource( 4 )
material/0 = null

[node name="FloorX" type="StaticBody" parent="."]
transform = Transform( 0.884799, -0.46596, -0.00319196, 0.465534, 0.884246, -0.0372468, 0.020178, 0.03147, 0.999301, 28.7219, 5.23886, 0.588001 )

[node name="CollisionShape" type="CollisionShape" parent="FloorX"]
shape = SubResource( 3 )

[node name="MeshInstance" type="MeshInstance" parent="FloorX"]
transform = Transform( 1, -1.16415e-09, 1.11759e-08, -2.91038e-10, 1, 0, -5.58794e-09, -1.11759e-08, 1, 0, 0, 0 )
mesh = SubResource( 4 )
material/0 = null

[node name="Camera2" type="Camera" parent="."]
transform = Transform( 0.959811, 0.0341206, -0.278564, 0.0348821, 0.970381, 0.239048, 0.27847, -0.239158, 0.930192, -10.757, 7.88004, 20.8393 )
current = true
far = 165.0

[node name="DirectionalLight" type="DirectionalLight" parent="."]
transform = Transform( 0.484348, -0.506811, 0.713126, -0.817948, 0.0269055, 0.574663, -0.310433, -0.861637, -0.401514, 0, 14, 0 )
shadow_enabled = true

[node name="Character" parent="." instance=ExtResource( 1 )]
transform = Transform( 1, 0, 0, 0, 1, 0, 0, 0, 1, 0, 5, 0 )

[node name="Character2" parent="." instance=ExtResource( 2 )]
transform = Transform( 1, 0, 0, 0, 1, 0, 0, 0, 1, 1, 5, 4.325 )

[node name="FloorZ" type="StaticBody" parent="."]
transform = Transform( 0.995618, 0.087848, 0.0320156, 0.0678349, -0.914326, 0.399255, 0.0643458, -0.395334, -0.916281, 0.715472, 5.47797, -29.4321 )

[node name="CollisionShape" type="CollisionShape" parent="FloorZ"]
shape = SubResource( 3 )

[node name="MeshInstance" type="MeshInstance" parent="FloorZ"]
transform = Transform( 1, -1.16415e-09, 1.11759e-08, -2.91038e-10, 1, 0, -5.58794e-09, -1.11759e-08, 1, 0, 0, 0 )
mesh = SubResource( 4 )
material/0 = null

[node name="FloorZ2" type="StaticBody" parent="."]
transform = Transform( 0.9284, 0.351254, 0.121199, -0.339926, 0.9346, -0.104737, -0.150062, 0.056039, 0.987087, -14.407, 5.324, -6.1072 )

[node name="CollisionShape" type="CollisionShape" parent="FloorZ2"]
transform = Transform( 1, -1.22003e-07, -1.49012e-08, -2.44007e-07, 1, -1.11759e-08, -2.98023e-08, -2.23517e-08, 1, -10.7144, -10.1751, 2.58722 )
shape = SubResource( 3 )

[node name="MeshInstance" type="MeshInstance" parent="FloorZ2"]
transform = Transform( 1, 4.65661e-09, 1.21072e-08, 5.58794e-09, 1, 2.98023e-08, 9.31323e-10, 0, 1, -11.0136, -10.3901, 2.6362 )
mesh = SubResource( 4 )
skeleton = NodePath("../../FloorZ2")
material/0 = null
