[gd_scene load_steps=6 format=2]

[ext_resource path="res://HiD and Camera Control.tscn" type="PackedScene" id=1]

[sub_resource type="BoxShape" id=1]
extents = Vector3( 30, 1, 30 )

[sub_resource type="CubeMesh" id=2]
size = Vector3( 60, 2, 60 )

[sub_resource type="BoxShape" id=3]
extents = Vector3( 3, 1.93193, 4.60874 )

[sub_resource type="CubeMesh" id=4]
size = Vector3( 6, 2, 6 )

[node name="Node" type="Node"]

[node name="StaticBody" type="StaticBody" parent="."]
transform = Transform( 1.43, 0, 0, 0, 0.0320462, 0, 0, 0, 0.952493, 0, 0, 0 )

[node name="CollisionShape" type="CollisionShape" parent="StaticBody"]
transform = Transform( 0.999812, -0.000434515, 0, 0.865214, 0.999812, 0, 0, 0, 1, 0, 0, 0 )
shape = SubResource( 1 )

[node name="MeshInstance" type="MeshInstance" parent="StaticBody"]
transform = Transform( 1, 0, 0, 0, 1, 0, 0, 0, 1, 0, 0, 0 )
mesh = SubResource( 2 )
material/0 = null

[node name="DirectionalLight2" type="DirectionalLight" parent="."]
transform = Transform( 1, 0, 0, 0, 0.652561, 0.757736, 0, -0.757736, 0.652561, -21.0315, 41.4491, -42.6313 )
shadow_enabled = true

[node name="RigidBody" type="RigidBody" parent="."]
transform = Transform( 0.999776, 0.0211693, 0, -0.0211693, 0.999776, 0, 0, 0, 1, 0.15274, 10.0204, 0 )

[node name="CollisionShape" type="CollisionShape" parent="RigidBody"]
transform = Transform( 1, 0, 0, 0, 1, 0, 0, 0, 1, 6.78446, 0.259408, -1.19478 )
shape = SubResource( 3 )

[node name="MeshInstance" type="MeshInstance" parent="RigidBody"]
transform = Transform( 1, 0, 0, 0, 1, 0, 0, 0, 1, 3.85829, -1.82796, -9.12027 )
mesh = SubResource( 4 )
material/0 = null

[node name="camPivot" type="Spatial" parent="."]
transform = Transform( 0.869949, -0.481314, 0.107358, 0.439372, 0.855357, 0.274439, -0.223921, -0.191578, 0.955593, -1.67129, -1.44102, -6.55774 )
visible = false

[node name="HiD and Camera Control" parent="." instance=ExtResource( 1 )]
visible = false

[node name="Camera" type="Camera" parent="."]
transform = Transform( 0.204354, -0.403811, 0.891726, 0.441624, 0.851009, 0.284168, -0.873618, 0.335737, 0.35224, -42.1192, 5.48014, -345.986 )
fov = 126.562
